[BaseMatch]
Base1=1
Base2=2
Base3=3

[Offset1]
SN=FX-AG8-001
Width=470
X=185.349915
Y=-184.203232
Z=254.831879
A=-0.123922847
B=0.921323597
C=-178.970932

[Offset2]
SN=FX-AG8-002
Width=470
X=186.753601
Y=-180.132416
Z=254.810333
A=-0.0686468
B=0.0638168156
C=-179.306168

[Offset3]
SN=FX-AG8-003
Width=470
X=187.516388
Y=-180.435028
Z=261.262695
A=0.231716573
B=-0.353596956
C=-179.721313

[Offset4]
SN=FX-AG8-004
Width=450
X=187.516388
Y=289.564972
Z=261.262695
A=0.231716573
B=-0.353596956
C=-179.721313


