[BaseMatch]
Base1=1
Base2=2
Base3=3

[Offset1]
SN=FX-AG8-001
Width=470
X=164.990417
Y=-183.761536
Z=245.718033
A=-0.0750603825
B=0.0508424565
C=-179.331757

[Offset2]
SN=FX-AG8-002
Width=470
X=185.857452
Y=-179.673843
Z=250.707733
A=-0.351808548
B=-0.578922510
C=-179.788803

[Offset3]
SN=FX-AG8-003
Width=470
X=167.699799
Y=-181.112762
Z=252.031265
A=-0.0476458259
B=-0.353991032
C=179.976868

[Offset4]
SN=FX-AG8-004
Width=450
X=167.699799
Y=288.887238
Z=251.531265
A=-0.0476458259
B=-0.353991032
C=179.976868
